500 
0 5135 4644 6258 4704 3536 5059 2279 7925
1 1323 8895 1181 4704 8750 9636 7399 9115 1208 4293
2 1423 3895 5097 5059 6607 8549 4704 6258 4140 3637 3297 5678
3 4541 815 5634 1323 6956 273 4880 3017 4076 2034 4356
4 1423 8549 815 5678 4644 3005 191 8768 366
5 366 6257 8549 1323 1423 5135 6506 4704 4644 6258 4558 5941
6 5948 4293 7215 7382 3392 4721 7437 8720
7 4293 6258 5135 8040 1423 4938 854 4558 8140 7399 7562 4721
8 3895 1423 9636 1084 7925 8140 7215 4938 8549 3745 3375
9 4644 6379 1423 5059 1908 4293 3375 6639 9305
10 7437 8768 1323 8895 8549 5692 1439 5948 7434 10 728
11 2918 6257 9305 1323 1423 3895 7228 8549 3297 7215 4558 8123
12 4293 6257 9305 2486 3392 9636 4140 4704 4721 4486 1323
13 4293 6257 1336 5941 9305 4880 6607 366 3005 505 4704
14 1423 8549 4356 4704 7925 4039 7228 5135 4558 6258 9102 1262
15 1423 5634 366 6257 7925 3017 3888 9688 1336 8549
16 4721 5097 3745 1262 5059 4293 3005 4644 4356 6258 2061 4880
17 1423 4486 7115 8469 4039 9305 3392 8549 366 7028
18 6257 9305 4293 6468 6258 7399 6351 6859 3392 366 4821 6249
19 4039 7215 4938 779 8895 366 5155 1309 1423 9728
20 1423 728 6213 779 4704 2279 3392 4683
21 1423 4938 9265 5097 6859 1796 5634 246 2515 2279 6607
22 8549 5679 4644 4541 6607 4880 7459 8841 9827 4039 7437
23 8549 4644 1208 3895 6257 9688 4558 496 1336 5535 5948 2061 6226 6607
24 3005 790 7437 4880 7215 5135 4541 4821 2586 4039 1323
25 3297 1423 366 4721 5135 815 5941 5704 5634 6956
26 1423 8469 8549 4880 3079 4644 5948 5097 7437 3297 6213 2486 1273 6258
27 4293 728 1323 1336 5634 141 6258 5522 9305 6265 6213 5097
28 4293 4486 790 1323 141 9636 6258 6213 2034 1423 2515 6267
29 366 7925 1336 5135 3079 5522 1908 1423 6859 4683
30 1423 8549 5948 4880 7925 5135 141 3745 4293 6258 3494 4721
31 8469 9265 871 728 3392 9728 2515 1905 9123 3745 1423 1796
32 815 7115 4039 3153 6258 8040 6267 1423 4644 7174 5948 6859 3079
33 815 6379 5135 6213 3005 9636 4486 2124 6257
34 8750 1423 4880 5634 5059 1323 7437 4039 8549
35 4704 2741 1323 4644 6213 728 2835 871 141 5704 5678 6258
36 1423 5135 7174 8549 3523 366 6257 7437 1336 9688
37 4039 4293 4704 6213 2402 3024 4880 2586 3079 7503 5547
38 6257 3895 6267 4821 4293 3079 4704 4486 360 7228 815 1796
39 4704 8750 3375 7215 2279 8140 3005 7503 6226 8835
40 6258 4880 779 8750 6468 4293 8549 1423 7611 871 3005
41 6213 1423 6258 7611 7925 728 3417 6170 4704 790 9102
42 4293 6258 5097 5704 1423 5678 1908 578 8469 8416 5961 1181
43 3392 779 790 4293 728 8549 5678 1208 7228
44 1423 6258 9636 6607 4541 3523 7503 8549 5948 3860
45 6607 6506 779 1014 4821 915 790 1423 854 1020
46 3005 5634 4039 1208 4704 2124 7925 2279 8549
47 1423 4558 1905 296 1208 2586 1796 9688 7215 5634 4704 10
48 1423 3005 8750 1309 6258 5135 6607 9688 7925 779
49 6257 4293 7437 3745 5330 7434 1423 1208 4880 5634 366
50 1423 779 5350 5059 4644 4076 8895 3745
51 4293 9305 1423 3895 8895 366 5135 8549 1439 815
52 4880 7925 1309 1423 4704 4938 8750 366 9305 4356
53 8549 1423 5135 8895 5929 366 6258 4880 4039 6213
54 1908 1323 1208 1423 3895 6258 8579 1905 8140 450 3079 5097 191 4293 1072 7980 1181
55 8750 4880 366 4541 6267 4039 871 8549 5941 1905 4356 9728
56 4293 3005 1262 3745 6258 8615 4880 4644 779 6506
57 5097 3005 9688 2124 4293 1336 1208 3660 1423 4541 5634 4356 8549
58 6258 4140 8140 5135 6257 5522 2918 4929 779 3536 4486
59 6257 3392 4704 8549 8469 4766 4039 1208 1309 3895 1423 4356
60 8895 1423 3005 4558 7215 8469 6213 1336 5692 3392
61 4293 4721 6257 9265 728 871 1423 7215 7028 779
62 1423 366 5634 1208 4880 6258 4721 5135 6859 790 8750
63 790 1423 6257 7503 6213 728 8469 4880 8750
64 7503 4821 1423 7437 8895 4704 578 6224
65 5135 779 9688 9636 3453 8469 7925 1208 4704
66 1423 6258 3557 7925 366 4721 9102 4039 4880 6257 3885 5135
67 7215 7437 1323 8549 8040 6257 4039 779 949 141 3766
68 5097 7115 1423 9636 8615 871 2515 4977 5634 7503 6859
69 8040 1181 5634 5948 4704 22 5135 6468 6267 4880 4558 7642 1423
70 4039 6257 3005 3895 1309 790 7925 6956 4644 9827
71 1423 5634 8895 7382 2863 728 7503 1208 815 5948
72 4704 1423 6265 6213 7215 5522 9305 5059
73 5097 1423 8750 3745 9636 5634 8549 366 1336 7115 8469
74 6257 1423 779 4486 4704 6258 4880 7006 5941 2124 8878
75 6213 1423 4293 5135 6258 7215 366 5634 6257 1323 9265 4704
76 366 8549 3392 728 871 1423 779 191 4039 1181 8140 4558
77 1423 5135 8549 7925 4880 3079 3005 5634 5929 3895 8040 5948 1336
78 8469 6257 5097 6607 5634 2918 6258 7925 7174
79 790 1423 6607 1323 6257 7437 6506 2515 4039
80 6258 2515 2918 1423 3297 5634 3392 6257 790 9636 4486
81 7925 6257 4644 4558 2289 4821 4039 578 5097 3557 8416
82 4938 1423 8549 4644 4721 5059 9305 4293 141
83 6257 9305 4293 6952 8469 2586 1208 1908 6506
84 6257 9636 2486 6258 8469 3557 4704 1020 4821 6506 7459 1323 5634
85 6257 2486 3005 5097 3637 9636 10 6265 5634 949 4938 4704 3024
86 1423 4644 7925 1208 4938 6859 8895 8549 4134 7980 871
87 6258 6607 2406 6267 9305 4356 4644 5825 496 1423 5634 6257
88 1423 3005 5097 4293 5547 3079 4039 6607 3392 3536 1336 141 871 4880
89 4293 1908 4644 5097 8549 9688 1020 6859 2586 3888
90 1208 7503 7228 790 7382 8895 4558 1323 1423 871 6506
91 6257 4821 5522 2289 5135 3005 5547 8416 4704 4166 2856
92 1423 9265 790 6257 3297 9305 5634 3660 8549 4938 8469
93 6257 4293 4039 6258 8549 366 6639 1072 871 5941 7215 3392
94 8750 4039 141 273 2586 9728 8615 7228 9305
95 5634 2279 2586 4486 6607 6258 779 5330
96 1336 366 5634 4039 4486 6506 779 6258 4985 4704 4721 3153 4558
97 6257 7925 3005 8750 8040 1423 4880 4293 779 2586
98 4356 728 4293 1309 7174 1208 366 1423 7399 4683
99 1181 3375 6607 9305 2586 4683 4644 3743 9450
100 5634 8549 4541 2586 191 6258 3005 4293 2406 1323 779
101 5679 3895 1323 5678 9636 1908 4541 6607 2586 6257 1020
102 8549 5097 5135 9305 6506 6224 815 366 2602 7382
103 7228 1423 5059 9305 8750 5679 1032 7437
104 3895 6258 7215 9688 3005 3153 2918 7437 1032 8750 4558 3745 4880 790
105 6257 4293 5097 790 5059 9265 5634 871 4721 9450
106 8549 8040 4938 3079 1357 6607 1323 5330 9102 1336 4039
107 5097 1208 2586 6257 6506 1309 2215 9305 5634 8615 3297
108 4293 871 1423 4880 5704 8549 5692 2279 6519 4644 141 9688
109 5135 7925 5634 5769 2918 779 1323 2486 871
110 7503 1208 7174 8416 728 4880 4293 1581 1309 1423 9265
111 1423 7228 5097 1323 7215 9102 5941 6257 4704 8040 7437
112 8549 4293 8469 5634 1309 2279 6257 7215 6258 1323
113 4293 1423 8549 5634 3005 5107 1208 4880 9636 366
114 7215 5135 1423 8469 4693 4293 7925 6257 6130
115 3375 1423 3005 7414 4704 8720 4880 1032 5678 728 5097 4821
116 5634 4644 7228 22 1423 6506 3536 8469
117 7174 2279 4558 3024 2918 728 8549 4293 6258
118 7215 2586 1423 6257 4039 4293 7437 728 915
119 3005 1423 5634 9636 728 1905 9265 4356 1336 6258 1208 7382 815
120 1423 8549 3536 6258 8674 8750 6859 5097 6639 1905 366 4293
121 5135 915 8750 6257 7215 4541 4704 1423 1336 2669 3297
122 1423 5634 4541 7174 4880 3660 8549 578 6224
123 8750 915 2279 7925 5929 6257 5135 1336 1323
124 3895 1423 2279 10 3297 5059 1905 9688 9442 141 3392 2406 8600
125 7228 7925 6257 4644 2124 1423 3745 8203 6258 8674
126 366 1423 4293 728 6607 8768 1908 3005 4356 6257
127 7925 6506 6859 8895 7459 3660 7414 4541 8549
128 1423 6258 4486 4644 1336 8549 8750 5929 5097 2863 7115 8615
129 8040 1423 7611 3895 871 1208 4293 578 6519 6506
130 1423 6257 7437 3153 7228 4721 3895 8750 5059
131 6639 1208 1423 9265 7352 6267 5795 366 7925 4293 4880
132 3392 9688 6257 1423 4039 360 6258 7503 4541 2289 3297 7925
133 1905 1208 5634 915 4721 5135 2486 2279 790
134 4293 7503 8549 4039 6267 5941 6257 1423 366 3079
135 5634 2279 3888 4880 2034 6257 6607 7925
136 4293 7503 5059 2314 6257 5107 4039
137 5634 4880 2586 790 5097 4644 4704 6257 728 2918
138 815 6257 1423 366 6607 4704 1796 6258 3660 6224 2406
139 6257 1208 1323 4880 3392 4293 9688 4039 3557 4704 2586 4821
140 6257 3392 7611 4039 3005 790 4293 7340 4683 871
141 1905 7437 1423 5634 6257 1072 578 7503 6859
142 6258 8549 3005 4880 5135 8040 6257 360 779 7399 4821 9688 8140
143 5097 1423 7215 4039 7437 4761 4880 7174 2061
144 1423 5097 2406 1336 1208 9530 7437 9666 3660 6425 3375 4558
145 8549 4486 8895 3375 3392 3079 2279 6257 4293 3766
146 366 9265 6258 3392 871 8549 4704 7503 4039 7437 779
147 4293 9265 4039 1423 7228 790 4880 6351 4644 6265 141
148 7925 3005 6257 779 3895 4541 815 4704 6213 3766 4486 2856
149 8549 871 4039 7503 815 4407 8750 2124 1020 1208 7459
150 6257 2515 8549 6379 4486 2279 2669 8895 3079 6639
151 4880 4704 8469 8549 6258 4039 9102 5634 4644 4938
152 1423 1181 1956 2586 4541 1072 4356 6258 9688 3660 7437 7382 6257
153 779 9636 5634 9305 6257 4880 7382 1423 8469
154 5097 2515 1423 22 4704 3297 8549 7115 6226 366 9636 2402
155 6257 1423 4558 790 3017 3392 366 2586 5135 141 4704
156 9305 7215 1208 2279 4293 7925 4558 4356 1439 9935
157 4293 1905 6258 1439 4558 3895 6249 4644 5948 8469 1208 8615 450
158 7925 4293 4704 5634 8549 2406 246 2515 5135
159 871 4704 5097 1905 7459 4140 5634 7925 1208 3417 5948 8140 7503
160 1423 4880 728 6379 3392 7459 4683 5929 4293
161 8549 4644 4140 4039 3297 949 5135 1423 2486 4821 728
162 5634 6506 7437 6351 8469 4704 8549 7503
163 5059 6257 1423 6506 3005 6258 1309 9305 1323 9688 728 5251 4880 2111
164 5330 5634 915 1908 5389 5941 4293 4704 6257 8203
165 6257 8469 6258 3005 5948 9636 7474 9583 3297 1496 5634 8841 2515 9688 8549
166 8549 6258 790 6859 1423 5634 3745 3895 2279 1020 6226 3523 4486
167 6257 1323 4588 5634 3005 3375 6859 5059 7611 246 3660
168 4039 1423 6607 9265 2764 7215 5692 3297 3536 949 6257 3005
169 779 3005 578 5350 6257 4704 3536 9305 815
170 1423 815 4541 10 8615 4880 5251 7215 4821 728 3745 2202
171 9305 5941 3745 1908 1423 141 6257 1323 4039 9688 3557 7215 5795
172 5547 9102 8549 7459 8895 6639 6257 8469 1423 4683 5330
173 1423 3745 3453 5929 3005 4039 8140 6257 4541 2586 1181 5948 779 7925
174 6257 2515 3392 2918 3843 8416 2406 4486 5059 9688 1323 5961
175 1423 4644 4293 1208 4880 3536 9265 2515 7156 5135 141
176 3005 8549 1905 6257 2586 4356 141 1423 5961 4541 1208 915 366 728
177 3392 5634 4704 7174 4293 7115 8469 6506 9688
178 4356 7215 5941 2402 2515 4880 1208 6468 8549 7437
179 2279 5135 4293 7215 1905 6258 3843 6956 5634 2486
180 1423 6213 5634 366 8098 6379 5097 3392 3766 779
181 4558 3024 366 779 141 1336 4821 6249 6257 2279 915
182 3297 9305 3523 5135 6258 4644 4293 4880 4541 6379
183 7174 366 8549 8895 4704 1072 728 7215
184 1423 5135 1323 2279 8469 4039 8140 5795 1020 854 7215 1208
185 6257 7437 9688 779 1208 1336 141 2202 953 4880 8416 1323 3005 4486
186 6258 1423 7382 949 3297 9688 3005 141 915 4880 4558 3843 3536 8549 4821 4486
187 1423 9305 4644 3392 4293 2314 2486 7713 5097 2586 779
188 8549 5135 4683 8683 7925 5634 1208 1020 9636
189 5059 4293 3895 4486 3297 8469 1423 1371
190 728 6257 4293 7503 1020 6607 8683 4330 4929 5135
191 8549 1423 6519 4644 4880 141 1323 6224 3392 1905 3843 1020
192 8549 5135 7414 4558 8140 4880 7503 3392 5359 3297 1423 4929
193 1423 3766 9305 4880 7228 1905 366 4541 5097 6258 2486 6506 7459 5155 728
194 8549 7382 728 915 1423 3005 6258 366 815 9265 3745 8895 1208
195 815 3660 2279 7925 1336 5097 6257 4704 4721 3392 4558
196 8895 8549 3392 5135 5634 4644 4293 8140
197 3895 8040 7925 6213 7459 1181 6257 10 790 8549 1423 2586 1796 4356
198 366 7503 915 6257 1908 9305 790 4486 5011 1072
199 4293 4039 4880 4644 8549 5941 6213 5704 4558 366 5389 4704
200 1423 5547 1323 8720 4541 3005 4821 6265 7810 915 3745 5330
201 6257 1423 8140 6258 6519 366 6607 2515 1905 1208 7174 7459 7115
202 1423 3005 8469 3745 366 6257 1181 4293 6258 6956 7611 1323 790
203 3005 8549 8895 9636 1796 1072 366 4140 1423
204 1423 366 4293 4486 7611 3637 1020 5059 2124
205 6257 8549 9688 915 2918 1020 3297 9305 3660 3188 9102 1694
206 6258 4293 8549 4486 5097 5135 790 3005 3895 2135 3745 6859 6213 6139
207 3297 1309 6258 3417 2279 5941 5547 815 8916 141 8895
208 1423 4644 8549 4039 8469 949 815 4880 3005 6607
209 1423 8549 4558 4683 4039 8720 728 2586 1020 9688 5350
210 3297 5135 8549 6257 7340 5769 1423 1323 4721
211 4293 3005 1020 8140 915 4134 6258 5135 790 7382 4880 1336 7925
212 4541 4486 5769 3005 4721 6258 8549 4821 728 2515 9102
213 8549 1423 8895 141 5135 366 4704 8615 6607
214 3895 8549 366 2406 7459 7215 5059 2279 5634 9265 790
215 5135 8549 4558 5097 6249 5679 1423 4486 7503 3895 2406
216 4039 6257 1423 4644 3895 8549 2586 6607 5634
217 6257 8549 4704 1423 8750 7437 7459 790 3392 6258 2918
218 1423 8469 3362 2515 790 4880 247 4704 1323 7459 5059 141 6343
219 7925 4704 6258 450 7503 1423 2314 3895 3637 2515 1796
220 1423 3005 1323 8469 5547 6258 5059 7437 4293 4558 366
221 5097 3660 2406 1905 5155 8720 4880 9636 1423 6258 450 7434 8895
222 7925 4880 1208 6258 6213 6257 7909 8040 5941 191 1423
223 6257 5634 790 1020 4486 7399 7503 6506 7174 4644
224 5634 7925 5948 2602 4486 4558 9747 9305 8549 5097 4039
225 4644 5634 8549 6859 4293 1208 815 6257 4429 9265 2124
226 1423 6257 7382 3557 6258 9305 1020 6859 1323 779 7925
227 1323 1423 4644 5948 232 3660 3017 8040 1181 790 4558 8203 5634 9688
228 1423 3005 4293 246 8549 8683 1072 8469 949 7399 7642
229 6258 4486 8895 5182 4039 9305 1201 1072 141 2586 1905 6859
230 4293 4704 6257 1423 9265 8549 7437 8098 815 1309 9688 949
231 6257 8549 6258 1014 3005 1208 6519 7925 915 3582 1908 5135
232 5330 4880 4039 9728 3766 6506 3005 4340 1336 8469 779 366
233 246 7925 6257 4644 4039 2279 4558 1323 6991 4293 150
234 4293 1208 8549 6258 8469 5097 4486 2279 5634 9102 4938
235 1423 8469 4486 1181 6639 4880 5634 3005 2279 7925 6258 790
236 6257 1423 3079 7228 2586 2034 3297 6267 6258 728 5634 5948
237 4293 5097 5059 4880 6257 7382 1423 8549 6258 2918 3888
238 366 790 4644 1336 2586 6249 5634 1020 10 5948 7174
239 8469 7503 7115 6257 5097 2586 4821 3392 9636 7399 1423
240 1423 3005 8469 8549 4558 8040 7810 5525 6257 2124 2034
241 6257 3005 1208 5634 8750 6258 3024 5097 9688 1336 790 5135 4541 8416
242 1423 5522 8469 6265 6257 3637 7215 2279 3005 1336
243 9305 3297 1208 2061 4880 6425 4856 5547 6258 1905 1423 6506
244 7215 5634 9265 6258 6598 8895 3895 4293 8203 3557 9827
245 7434 8549 4704 7503 1423 6258 5769 3005 5948 815 4429 7459 7174
246 6257 1423 1336 5961 8750 5634 1181 5135 790 779 2486 8549
247 3392 815 3153 1423 4558 5059 3523 4293 7414
248 6257 3297 1423 366 4293 3005 5059 728 5679 3017
249 5634 1423 366 4644 4486 1908 6257 5135 6258 5825 7215
250 1208 3005 1694 9265 5941 9688 7925 3888 3637 7437
251 1423 7382 790 8549 4938 2289 6607 728
252 4558 915 5097 6506 6607 1208 1439 779 4076 7228 6859 4356
253 6213 4486 5941 728 7925 1715 4039 779 4558 1423 8140
254 7459 3005 1796 7503 5634 4704 5547 5948 1336 4938 5941 4880 8416
255 9688 5097 1694 6258 2669 3563 4541 4704 3895 5769 5634 9067
256 1423 4938 8549 4293 5948 7115 8750 6859 8895 4704
257 1423 4039 6213 779 5948 8549 4293 5634 790 3453 366 3005
258 1208 6213 6257 9305 728 1423 5135 9636 5634 4821
259 4704 949 3079 1905 5059 4644 3297 8750 1423 5634 9265
260 1423 1323 6257 9305 6258 815 4486 7925 5795 366 273 1336 4541 6996
261 1423 8549 6607 6258 4293 4880 779 7925 1181 4644
262 4644 3895 5634 6258 2586 8416 8600 9305 3188 8895 9265 1072
263 5059 5135 8750 6258 8549 3392 3297 7228 4721 9688
264 1423 4293 6607 1336 1020 1323 4356 7611 4721 1309 3005
265 8549 3766 6506 5522 5634 6224 366 3005 1336 2586
266 4558 779 9305 4721 5135 4039 8549 1323 1796 5330 728
267 1423 3895 5634 6213 9688 8750 1323 1496 141 815 8111 6258 5135 232 8040
268 1423 4644 366 7437 9265 4721 5135 9305 7115 6258
269 5135 1908 1423 3005 3745 7437 6267 6257 8469
270 1423 5135 1323 728 6257 6213 5704 790 3745 2744 22 8469 4039
271 1423 1323 4644 3637 7925 4721 3005 3523 6607
272 1423 4721 5634 2918 8469 6257 815 1020 5097 6213
273 3392 6213 9305 7115 815 6506 3079 7437 9688 1208 1020
274 1423 4293 8750 4721 4039 3153 6258 141 3392 2918 3843
275 790 4039 5948 779 7810 8469 4486 6257 9265 4558 141 6213 4541
276 4880 6351 5135 7437 7156 3637 1423 8203 1796 7459 2406 790
277 4293 9636 1208 8469 5097 366 7434 9688 6379 1796 7399 6639
278 4644 1423 6506 6258 4704 9305 4486 7925 815 6607
279 4039 9305 6258 8042 5692 4880 22 1323 2856 5135 7474 6213 4293 4558
280 8549 4704 9688 7115 6258 1423 1905 2124 790 4821 7459 6506 4938
281 3005 3895 790 4486 7215 9827 8615 7925 5634 5097
282 5097 2586 7215 578 1323 4644 2918 1423 366 2515
283 1423 7215 6257 2279 2515 4293 1908 3392 1336 4356
284 1423 8040 6258 8750 8549 5059 5522 3392 871 3453 728 6257 3079
285 5634 4704 1208 7215 2918 8549 9265 3153 3297 7437
286 1423 4293 5059 3005 6859 3453 3523 5135 815 2515 9265
287 1423 1309 8549 7028 4558 4704 5634 3523 3536
288 6257 8040 8549 2279 6519 871 9305 4039 815 7215 4558 2586
289 4644 3745 7459 1905 6257 4880 6213 6519 1020 790 8040 6258 141 8469
290 4644 5097 8549 5634 4821 3766 1908 1020 141 8469 9305 7285
291 1423 8549 3297 1908 5634 4558 7925 4039 5135 1323
292 578 4880 2741 3637 6351 3005 7503 4486 366 9636 7925
293 7215 1323 5634 1908 1423 815 7228 4356 2515 4929 3417
294 7228 6267 1336 8469 2186 3017 4644 4293 6257
295 1423 6258 6257 2124 6956 8549 5097 4821 4644 4880 3005 3637 4039 8140
296 779 7215 4039 9688 1423 4880 728 9305 4558 8674 815
297 1323 6257 7437 7174 4704 141 3745 2863 9688 8720 8895
298 1423 4356 6257 4704 7228 366 1084 4644 1181 5059 1905
299 6213 3745 6258 5704 1905 3417 7118 5754 4880 2124 1956 4683
300 1423 4293 8750 5330 6213 3297 815 9688 8140 6639 8040 6519
301 3895 8203 3375 1323 915 4293 366 8549 22 1908 7503
302 6351 5754 5135 4880 4761 790 8750 6506 5634
303 3297 5634 1423 6258 366 1323 4821 9305 3417 7503 4293
304 5634 9305 8549 3017 2515 9636 2918 4644
305 7925 6258 3895 141 8683 4880 4644 4293 6257 7118 2515
306 5097 4293 1423 9305 815 8469 728 1336 7503 5135
307 1423 9688 2486 7437 4541 3005 728 6257 3297 1072 2279 4039
308 5135 1323 6257 1208 4541 4039 5634 9827 8549 5795 3523
309 6257 915 1423 366 1905 1262 7115 9636 1357 273 9305
310 790 2586 1423 6257 4039 4704 5948 8720 779 9636 9305 6258
311 1423 1336 8549 2289 6607 6258 6425 7925 4880 5634
312 4644 3297 5634 8549 5330 4558 3392 728 4039 5948 4429
313 366 6257 5059 728 7115 5097 790 1208 6920 6859 5634 2586
314 4293 790 3297 1423 141 6213 9305 2515 2124 5350
315 8750 1905 4821 3284 5692 4683 4356 5634 9305 1336
316 4644 1908 3660 4558 3895 1439 366 9265 7215 1208 728 2406
317 6257 8549 1208 5097 1423 4486 5634 6258 1905 5135 4541 5522 3153 4880 9265
318 5135 4880 3895 4293 2406 1905 5634 6607 5679 4938
319 8549 1423 915 8895 4541 7503 1796 8750 779
320 9102 6257 4644 5679 4293 2279 1423 1309 5941
321 3005 1905 1423 4039 6425 1908 1208 3660 7909 3464
322 8549 4541 482 4880 7215 1336 2586 578 1208 3523
323 6257 1323 7437 366 4880 6130 4039 1423 8549 5097 4293 3297
324 779 2314 4821 4880 2486 9827 7215 8720 6859
325 5135 915 6506 6607 4293 6257 7925 9265 9666
326 5634 3392 1323 4880 1423 4558 6258 366 5547 5097 8895 4721 815
327 1423 1323 3745 5634 3005 5135 4293 8469 3843 8750
328 790 1423 141 8416 4644 8469 7434 4683 815 5941
329 1423 6257 8549 2515 4644 6258 1181 3297 3392 7503 6506 1323
330 1423 7503 790 4938 8469 6607 2586 6257 22 5097 915
331 8549 1423 6257 2918 5754 5634 1032 8469 3005 4704
332 3005 7925 141 1905 9636 4558 2918 1336 5097 8895 4880 366
333 8469 9688 1309 5097 3392 1423 9102 4356 2279 6258 4880 7082 7382
334 1423 790 3392 7925 779 8615 2124 2586 5961
335 1423 6257 4644 6639 2486 4541 5692 4140 3079 4880 9636 5011
336 1423 1323 5059 366 7437 5097 9688 6258 8416 3417 4340 5634 3453
337 779 3005 1323 8140 7340 5634 4880 6258 6257 3895 3153 141 1423
338 1423 6213 4938 790 3453 1072 2918 7980 6257 9265 4929 578
339 6258 1423 1208 4293 6249 4486 5097 1323 6257 8758 1905 3843 5634 790
340 7232 3297 6257 9102 1323 9067 1796 5547 5634 296
341 3005 9265 6607 728 8040 5330 6257 4293 1423 9450 1208
342 7228 3895 9305 3745 5634 6213 22 4880 10 1336 7925 4039
343 779 6257 4293 232 3536 9305 5350 949 7925 1423
344 815 6258 2406 1908 4704 8750 3392 9265 1423 482 3536
345 366 728 1908 6257 3392 1323 7642 1309 9265 4856
346 1208 7925 4293 4558 7174 8416 1423 5929 8895
347 5634 2586 7228 1208 779 8895 2918 4293
348 9636 1208 366 1323 1423 4039 3637 1908 5682 6257 790
349 4880 8750 7503 1262 1905 2586 8841 7459 4644 4486 5634
350 3392 7215 5634 1336 1423 8549 9636 4293 246 3005
351 4039 1323 1423 1208 815 5634 5059 8140 4880 2279 1935 1905 1020
352 3392 3005 5097 6258 7006 1336 4880 5769 3660 1423 4293 6226 7233 1020
353 6257 366 4880 5135 2918 5692 5522 4644 2602
354 1423 6506 6257 4039 366 6258 1181 815 5547 5135 4644 3153 1262
355 3895 1208 3392 4293 7215 5059 8469 4486 4644
356 6257 5634 4486 3005 5522 6956 5135 4541 2515 2669 1181
357 4039 1423 5941 1908 5704 7437 6607 1905 7925
358 5634 3637 7925 4821 3392 3743 578 4133 1323 6258 9636
359 8469 1336 8895 4704 1423 7713 4792 8140 5634 779 7459
360 3005 1796 4293 5634 8040 4558 1020 3297 2515 366 4704 815 4356 5097
361 1423 4293 3888 5059 1072 3745 7437 232 8140 1208 5948 2486
362 9265 4644 4356 578 2279 8140 5330 7437 3297 4880 273 1072
363 7611 4293 2279 7437 1323 4486 3005 779 8203
364 3005 4039 1336 366 5634 5135 2034 7503 9636 790
365 1423 8549 2515 3017 6258 9688 5678 8895 3745 3005 7562 1323 3766
366 4880 5679 6257 366 779 8140 6258 871 3895 5929 8040 790 2586 5135
367 5135 7115 1208 6257 7925 3843 7382 8549 5634 5948 1423
368 6258 6257 8469 7925 5795 779 9067 4293 7215
369 1423 4880 4293 8895 5097 8469 7437 5948 949 360 4541
370 6257 4039 8750 779 1694 5634 1908 7115
371 6257 8040 7437 2586 5961 1323 5769 1423 6258 9123 4721
372 8469 5135 5634 8549 4721 3392 1908 9688 360
373 6258 7174 5135 4880 366 8140 9305 6519 8549 1357 2061
374 4293 8040 6257 8549 7174 3392 1323 3536 4880 3417
375 8549 5634 3745 1796 7925 815 1905 3005 6258 1323 4938 949 5155 1908
376 6213 1423 815 6519 5634 5135 1694 8549 1208
377 6506 3392 4704 2186 6257 728 6258 4486 1181 7459 5795 366
378 1423 1323 3005 3523 5059 3297 2586 4541 6121 1908
379 1423 8040 4486 6257 7925 5547 3417 4821 5135 6224 1208
380 3895 6257 366 8549 5634 4880 1208 2279 7459 4486 1181 3005 3153 5097
381 5135 6257 4644 1905 4880 9305 1208 3297 7503 1072 5948 1423
382 1423 779 6258 6506 2918 2524 115 1084 4880 2586
383 4644 5634 4558 4704 4821 1423 3297 6607 4340 3557 4541 366
384 4644 1423 7503 1181 8750 1072 4486 4039 7925
385 9305 4340 815 1020 728 4644 915 2586 9688 8750 8549 4039
386 3005 5135 1905 8750 1323 6258 8720 3895 5795 3745 6859 8549 366
387 6258 1336 1423 4880 9305 7382 6607 4541 3132 5948 5634 4340
388 5135 8549 4558 4704 6213 7459 728 1423 6257 854 360
389 1208 2279 1423 8549 6639 4541 4880 790 5941 815 5634 4356 6257
390 8549 6257 871 4821 7340 3392 8895 4880 4039
391 4293 6213 4721 3743 2406 1908 8469 6258 8549
392 8549 5135 1423 871 3392 6258 5634 3895 6213 8750
393 5097 4293 5107 8469 1423 915 360 1908
394 6257 1336 4293 3005 9688 1423 578 7925 3895 4644 4140
395 6258 5692 8549 6269 8916 4644 4293 4039 4704 9265 3024
396 815 5795 2406 8040 141 5754 2515 1323 790 728 8549 5135
397 5059 3079 7611 3392 6258 871 854 8720 8549 9102 4880 3637
398 7503 1423 6258 4880 4644 366 4039 915 2515 3017
399 4704 578 7228 1908 6991 6258 3392 5097 6639 1423 4039 4356 5929
400 5097 1020 4704 7228 6258 1423 1905 3153 7459 4039 5525 6224 2289 6607
401 7503 6257 2515 5522 6506 3895 6425 5948 2586 4704 9688
402 915 6257 366 9265 3005 7925 8750 4880 3417 6258 2408 3453
403 4938 6257 3297 2586 4644 5634 728 2486 4821 6020
404 728 7215 8615 5059 4293 4929 7115 1020 3375 3637
405 1423 4039 3392 3079 5097 4644 4140 1208 5634 7810 4486 8140
406 5634 6265 779 5059 3375 1423 871 1208 3297 1336
407 1423 4704 6257 8549 1072 5795 5634 3660 8720
408 6258 8549 2918 1423 366 5251 2486 2124 6170 3024 6639 4356 9636 5135
409 5059 6607 5097 3895 8750 790 4880 7437 3417 7969
410 1423 9305 1336 6257 5634 779 4039 6265 6213
411 5097 6257 3297 3745 4880 815 3895 4704 1905 5135 8469 7118
412 3895 7174 5634 3392 2124 7028 5330 7503
413 4644 5097 4541 8140 4293 3745 3297 4880 2406 728 5135 1323 1336
414 5634 8549 1423 3637 8140 4293 7925 1020 5948 2586 4558 790
415 4293 7925 854 5634 790 3024 4704 915 6258 2918
416 4704 5097 7925 779 6257 8750 6519 6379 3392
417 3392 5135 1423 366 779 3745 450 2918 4140 9442
418 7642 5135 1423 6257 8549 7925 6258 3297 2279 1908
419 6213 790 4821 2279 246 4644 4880 366 1020 6506 4039
420 1423 366 9265 7925 4039 779 6258 2586 7437 3005 4821
421 3297 7215 6257 1072 4880 4704 5634 779 728 7006
422 4880 6607 5135 1423 4293 4356 6257 3392 578 4541
423 6258 9305 2279 4558 6257 9530 2406 4938 9265 4293 8895
424 9688 8469 4486 9102 5679 6258 3297 5692 1208 5634 7115 4356 1423
425 871 4704 3392 815 9305 1423 7459 8469 6258 7215 5941 4541 1323
426 8549 5330 3005 6257 6226 915 8140 5948 10 9102 5155 6639 5107 1336
427 6257 4293 1423 2279 4644 4880 1956 7909 3392 4541 6468 6258
428 9688 4039 3005 3392 141 728 1423 2918 22 1694 3895 7459 2515
429 779 3637 1323 6258 9305 1423 3392 8416 5135 4558 815 6257 9115
430 6258 6257 3005 7459 1423 8549 7228 790 9305 4558 871 5547 3766 9728 5634
431 6607 3637 5634 141 3005 8549 6258 6257 1208 4704 1935 2203 953
432 1423 6257 9305 8750 366 5135 1208 915 3024 3417 3079
433 4039 5634 2202 6258 1423 4486 3392 2918 8549 8469
434 4880 4704 3005 3297 2279 6859 8549 5634 2918 7611
435 366 1336 5097 4541 6379 9688 4558 790 6257 4178 3766 5634 8416 8469
436 4293 1423 5135 8549 232 8469 9305 1014 4856 6639
437 6519 1908 1336 6258 1905 4644 6257 9688 4356 4683 4486 2669 728
438 1423 7399 3079 8549 5097 7414 5754 360 1336 9305 3392 4039
439 871 9265 6258 5059 2586 5547 3005 9636 4880 1423 5097 4293 4541 8549 6639
440 8895 8549 1208 7215 6257 366 5948 141 3079 2918 7459 6506 4541
441 3005 1423 4293 7437 6607 3660 1323 6265
442 3392 5769 1423 779 8469 6258 5350 141 6506
443 4293 871 9305 4644 5634 4929 191 3895 6607
444 4644 4356 5634 1905 2406 6506 6257 3297 3392 4486
445 1208 4644 4704 790 3557 7925 5634 4558 8549 3637 4880
446 1323 7115 7437 4293 3005 3637 4929 9123 5135 1208 1336 6258
447 6249 5097 5059 7925 1423 6258 3745 6257 3895 7382 578
448 779 6607 815 6257 6258 2586 5135 3417 8549 7228
449 4293 7503 7925 3005 9636 2602 191 3992
450 1423 366 4039 3895 3453 4293 4704 5634 6265 1908
451 6257 8469 8549 9636 8750 6859 4880 7437 1323 9305
452 4704 1020 3297 3888 9442 360 2586 1423 9636 1019
453 1423 6265 6257 4558 8895 1336 4039 7340 6258 5135 246 2486
454 8895 8549 2586 4558 4821 3766 1181 4880 7925 3375
455 1905 1423 1020 6628 815 4039 3392 4704 2515 9636 4880
456 1423 8469 7503 3392 6258 5795 7382 8549 9688 1357 5389 4356
457 1423 9688 8469 10 3392 8750 7340 1336 3637 3005 4704
458 1423 5634 815 5948 8579 6258 3453 3557 8549 5069 8416 790 4938
459 4293 4704 5059 7434 2586 5350 3453 9305 7925
460 4880 3895 4558 7925 5634 5097 4486 6351 8549 2406 3464 2314
461 366 9728 779 2279 4558 5941 8750 7925
462 6258 4880 1423 3745 2515 5155 2586 4039 4293 4588 7228
463 6258 8615 1423 4929 779 5634 6506 7611 3375 3464
464 728 4293 5097 1208 2202 141 7925 8203 2918 9688 1407
465 3392 9688 6379 779 1208 815 1905 150 5941 6213
466 6257 728 7215 3637 7925 8469 7340 366
467 7382 366 8549 2515 1423 4644 6257 7503 1014
468 6257 6258 7174 6332 5948 296 1218 7414 5059 7228 5678
469 8549 3005 2515 4938 5634 3743 4293 3297 1208 8416
470 1423 1181 7503 6257 3895 7810 3523 9507 728 8549
471 4880 3005 1423 8469 482 1273 4704 3375 141 2406 4077 815
472 7215 3392 5634 1423 2515 482 8549 779 3417
473 6258 5634 8469 3895 5135 3417 141 2279 3745 5350 366
474 3392 1423 1336 1181 6258 4880 7437 2406 790 7156 5929 5097 4293
475 4293 915 4558 4541 871 9688 6257 2515 3392 5059 5948 1020 9305
476 4644 5634 7228 6257 1020 7118 4293 2279 7459 1323 1208
477 232 6258 360 4821 6468 5692 9666 4644 366 4721 6506
478 4293 1908 6258 2515 3005 1423 4541 4880 5135 9688 6425 8768
479 4644 1181 728 3392 4039 1014 6351 8416 1423 5929
480 366 4644 3745 9305 4704 8140 790 6607 7174 6506
481 366 5678 3005 8549 8720 3745 5754 3536 2406 1694
482 1423 7925 5634 9102 3843 6257 5135 1181 4644
483 3297 7215 5135 8469 8841 3392 1323 4558 8793 8175 1423 8140
484 6258 1323 4293 6257 5634 2406 4541 5107 7810 4486 3392
485 1323 1423 3895 728 4486 8895 4880 815 4683 366 4558
486 1423 4644 9636 2279 3895 2918 4880 2406 1032
487 1423 8549 4929 6425 4486 4293 3843 1908 6257 5097 4039 790
488 6257 366 4704 790 450 6258 4356 1423 1072 4938 7503 7925
489 6468 4644 6258 8916 6607 366 1935 4880 8549 1072
490 3297 8549 3392 6170 1423 141 915 7215 5634 2918 5948
491 7925 366 4356 5059 779 6258 4039 7215 2524
492 4293 4880 3392 8674 5135 5330 3297 7925 3417 5795
493 1423 8750 790 3005 5059 8469 728 7437 1336
494 1423 1908 4293 3297 6257 6258 3005 1905 3895 5135 4880 8140 7437
495 1423 6249 4938 9305 4644 4541 8895 7228 871 6258 8549
496 1323 4704 6257 8098 1181 3895 1423 7642 6961 1201 815 8549
497 1423 949 6258 366 3005 3660 4880 5678 6379 3745 5522 2356
498 4293 6257 4721 6258 6170 6519 8750 4821 6379
499 1423 915 2602 4880 5097 7352 6607 6258 1796 728 5692
