100 
0 0 1 2 3 4 5 7 6 8 9 10 17 12 19 11 15 16 20 14 21 13 18 25 30 22 38 32 24 23 35 27 34 31 47 36
1 0 1 2 3 4 6 5 8 7 9 10 12 11 15 17 14 13 22 25 18 16 26 21 24 19 34 20 41 23 54 46 36 30 29
2 0 1 2 3 4 5 6 7 8 9 10 11 13 17 12 14 16 15 19 18 21 23 20 28 22 27 33 24 25 32 26 35 54 34 29
3 0 1 2 3 4 6 5 7 9 8 12 14 11 20 13 15 21 16 10 17 18 31 25 22 19 24 27 32 29 40 26 30 41 73
4 0 1 2 3 5 4 6 7 10 9 13 12 14 8 17 29 15 26 25 11 38 16 19 21 18 24 30 20 28 36 31 27 23 33
5 0 1 2 3 4 5 6 7 8 9 10 12 11 15 16 14 17 13 18 20 25 28 23 21 24 29 31 22 19 34 36 37 26 27 97
6 0 1 2 3 4 5 6 7 8 9 10 13 12 14 17 16 11 20 19 18 15 21 24 22 23 27 29 40 26 30 35 31 25 41 36
7 0 1 2 3 4 5 7 6 9 12 8 11 15 10 21 14 13 17 16 19 23 18 24 20 47 35 28 25 22 46 27 37 32 26 49
8 0 1 2 3 4 6 5 9 7 8 10 11 17 12 16 13 24 19 15 14 29 23 22 18 36 21 40 37 41 26 65 27 42 34 38
9 0 1 2 3 4 5 6 9 8 7 10 11 20 14 12 15 13 21 19 24 23 16 18 25 28 32 17 33 22 31 26 29 35 56
10 0 1 2 3 4 5 6 8 7 13 17 12 11 10 15 9 16 14 20 22 18 19 23 25 28 27 38 32 24 34 30 26 31 37 29
11 0 1 2 4 3 5 6 7 8 10 11 13 9 15 12 17 19 18 16 14 34 20 28 21 23 24 22 37 27 26 55 38 25 41 51 65 29
12 0 1 2 3 4 5 6 7 9 8 10 12 14 13 11 16 19 18 20 26 17 22 32 23 35 21 24 40 29 15 33 25
13 0 1 2 3 4 5 6 7 8 12 9 17 10 11 18 15 20 14 19 21 33 13 50 49 44 26 37 35 16 82 22 47 53 55 23
14 0 1 2 3 4 5 6 7 8 10 9 17 11 15 12 14 34 19 21 13 25 35 20 24 18 30 45 38 46 32 22 28 29 49
15 0 1 2 3 4 5 6 7 8 11 9 10 12 15 13 16 21 14 20 18 19 17 22 26 23 29 25 27 43 28 32 42 24 45
16 0 1 2 3 4 6 5 7 9 12 14 8 10 15 11 21 13 19 24 16 20 17 51 36 31 35 170 40 29 22 63 27 38 25 30 44
17 0 1 2 3 4 5 6 9 10 7 8 17 11 12 13 16 15 24 14 21 18 20 19 46 23 32 28 60 22 36 62 25 33 34
18 0 1 2 3 5 4 6 7 9 8 10 14 26 13 17 16 11 12 19 18 33 25 15 21 42 29 20 35 23 77 22 31 56
19 0 1 2 3 4 5 7 6 8 11 10 9 15 12 17 14 13 23 22 32 21 16 18 28 19 20 37 34 47 27 30 25 39 35 26
20 0 1 2 3 4 5 6 7 8 11 9 14 12 15 10 13 16 20 24 17 19 23 35 33 26 27 21 49 75 22 25 18 50
21 0 1 2 3 4 5 6 7 8 9 12 11 15 10 13 19 16 18 17 14 21 23 20 25 22 39 47 33 27 24 34 32 30
22 0 1 2 3 4 5 6 7 9 8 10 11 12 15 13 14 17 16 18 23 28 22 20 27 19 25 21 33 26 24 32 37 29 34 36
23 0 1 2 3 4 5 6 7 8 11 10 17 9 12 14 15 16 13 19 18 35 34 21 22 25 26 23 20 27 46 28 41 55 33 24
24 0 1 2 3 4 5 7 6 8 9 12 10 11 13 15 14 17 19 18 22 16 23 20 21 27 35 28 32 31 37 24 33 34 36 39
25 0 1 2 3 4 5 6 8 7 9 10 12 14 22 17 21 20 11 15 19 18 23 13 16 50 24 40 48 26 33 36 35 38 37
26 0 1 2 3 4 5 6 7 8 12 11 9 15 10 13 17 14 16 24 19 25 23 18 21 26 22 20 39 30 27 36 46 33
27 0 1 2 3 4 5 6 8 7 9 10 11 17 12 15 13 16 14 18 24 19 28 29 23 20 22 34 21 37 36 25 27 40 41 31
28 0 1 2 3 4 5 6 7 10 9 8 14 12 19 15 16 20 11 17 13 23 22 29 21 18 31 44 24 35 30 28 37 25 27 38 32 60
29 0 1 2 3 4 5 6 7 9 8 10 11 15 17 12 13 19 14 20 21 16 18 24 22 26 45 35 38 32 30 25 57 23 27 48 36
30 0 1 2 3 4 5 6 9 7 12 13 10 8 19 14 16 15 11 17 20 21 31 24 22 27 25 36 18 26 28 23 29 32 30 37 44 56
31 0 1 2 3 4 5 7 6 8 9 10 12 14 13 16 15 11 20 17 18 21 19 22 24 31 26 29 27 37 23 28 25 34 40 36
32 0 1 2 3 4 5 6 7 10 9 8 11 12 14 18 13 16 20 17 21 15 22 19 34 24 23 25 31 35 28 32 33 29 41
33 0 1 2 3 4 5 7 8 6 9 13 14 10 11 12 18 16 20 17 34 15 19 21 25 28 22 24 29 46 23 45 73 26 31
34 0 1 2 3 4 5 6 7 8 10 9 14 12 11 17 15 19 16 18 25 24 34 27 32 30 21 22 33 35 38 29 20 13 26
35 0 1 2 3 5 4 7 8 6 12 11 14 9 17 13 28 10 23 20 19 29 16 25 37 15 52 27 97 55 61 22 137 42 49 39 60 21
36 0 1 2 3 4 7 5 6 9 8 11 12 15 13 16 14 21 10 24 26 25 20 27 49 35 18 22 23 17 36 39 33
37 0 1 2 3 4 6 5 7 9 8 10 11 15 12 14 17 16 24 13 19 30 18 25 20 21 26 27 28 35 23 31 22 33 48 32
38 0 1 2 3 6 4 5 8 7 9 14 13 12 16 15 21 10 11 24 20 17 31 22 25 27 40 19 41 32 29 73 30 36 18
39 0 1 2 3 5 4 6 7 8 9 10 12 17 18 14 13 22 11 16 46 34 33 26 23 19 15 42 32 38 25 20 21 79
40 0 1 2 3 4 5 6 7 9 8 10 12 13 11 15 14 17 20 23 19 16 18 21 25 22 29 26 27 28 37 38 30 24 45 31 43
41 0 1 2 3 4 5 6 7 8 10 9 11 14 12 19 16 20 13 15 28 18 17 21 23 26 27 37 25 52 31 22 24 50 35 43
42 0 1 2 3 4 5 6 8 7 11 9 10 19 14 20 12 13 15 17 18 27 30 16 26 21 29 32 23 35 38 44 25 33 37 39
43 0 1 2 3 4 5 6 8 9 10 12 11 15 7 13 17 23 16 18 19 14 28 24 22 25 54 21 20 30 37 55 26 38 46 111 50
44 0 1 2 3 5 4 6 7 8 9 10 13 12 11 15 16 14 17 22 18 25 19 21 27 32 28 20 24 26 30 38 23 29 56 34 37 41
45 0 1 2 3 4 5 6 7 8 10 9 12 11 15 13 23 14 17 18 20 19 16 22 25 21 26 29 31 32 24 30 28 27 37 33
46 0 1 2 3 4 5 6 7 9 8 12 11 13 15 19 10 20 17 14 25 22 18 16 28 21 38 26 33 23 24 27 31 29 32
47 0 1 2 3 5 4 7 6 9 8 10 13 12 14 11 17 15 19 18 20 26 16 21 23 22 29 24 39 37 36 57 28 31 33 27
48 0 1 2 3 5 6 4 8 7 10 9 15 11 14 13 12 19 18 20 22 24 16 17 25 23 28 21 30 34 33 31 35 48 45
49 0 1 2 3 4 6 5 7 8 9 12 11 13 15 14 17 16 10 28 20 29 19 25 18 22 32 24 27 37 26 21 23 34 63 49 55
50 0 1 2 3 5 4 6 7 8 12 11 10 9 13 19 17 15 16 21 22 25 18 14 24 34 28 20 36 39 41 23 31 46
51 0 1 2 3 4 5 6 7 11 10 12 8 9 13 14 45 18 21 17 24 35 15 22 28 20 64 16 26 27 117 33 30 41 34 143
52 0 1 2 3 5 4 6 7 10 13 9 8 12 18 29 17 15 23 14 20 38 11 34 27 25 32 21 30 22 19 16 47 24 43
53 0 1 2 3 4 6 5 8 9 10 7 12 11 15 17 13 14 20 24 19 18 16 23 21 30 25 38 22 26 28 45 48 55 46 70 32
54 0 1 2 3 5 4 6 7 8 9 10 19 20 14 13 11 15 12 16 18 17 23 22 21 26 27 39 24 36 30 29 32 28 35 44 40
55 0 1 2 3 4 5 6 7 8 9 10 11 14 12 15 13 16 18 20 17 21 19 24 25 26 22 23 30 38 28 29 32 27 33 35 37
56 0 1 2 3 4 5 6 7 8 9 12 10 11 14 13 17 19 16 15 18 21 22 24 35 20 25 23 44 30 32 38 27 46 40 33
57 0 1 2 3 5 4 7 6 9 8 11 10 19 12 14 15 13 16 20 17 26 21 18 24 25 38 30 27 28 22 33 36 53 32 44 37
58 0 1 2 3 5 4 7 6 8 10 9 11 17 12 18 13 20 15 19 32 14 22 24 38 25 16 33 21 35 30 39 60 29
59 0 1 2 4 3 5 6 10 7 11 9 13 19 8 16 12 42 15 27 39 18 35 26 52 14 56 125 28 22 31 17 21 55 65 80 34 23
60 0 1 2 3 4 5 6 7 8 9 10 11 14 15 19 23 12 13 17 28 16 20 18 25 22 29 27 34 21 32 24 37 65 30 26 52
61 0 1 2 4 3 5 6 7 9 8 10 11 19 17 12 20 13 16 14 21 15 18 26 24 27 28 33 30 42 23 31 25 22 40
62 0 1 2 3 4 5 8 6 7 12 9 14 11 16 10 13 15 17 22 19 28 26 21 27 24 31 20 45 25 23 69 56 35 43 29 36
63 0 1 2 3 5 4 6 7 8 9 14 15 11 10 12 13 16 21 20 24 27 22 19 30 18 17 31 33 23 26 25 29 38 50
64 0 1 2 4 3 6 5 8 7 12 9 10 11 15 13 17 16 24 14 22 25 21 18 32 33 27 46 26 20 60 23 30 54 19 28
65 0 1 2 3 4 5 6 7 10 8 11 9 15 12 17 14 19 21 20 16 13 25 18 23 32 26 34 22 38 24 29 39
66 0 1 2 3 4 5 7 6 8 9 13 11 14 10 12 16 18 15 20 21 24 22 19 29 23 17 25 49 35 32 33 58 36
67 0 1 2 3 4 5 7 6 8 9 10 11 13 16 14 15 12 18 17 22 19 20 24 27 21 23 26 29 37 31 36 33 28 35 25 38
68 0 1 2 3 4 6 5 7 12 9 10 11 8 15 14 13 17 18 21 29 26 16 23 20 22 19 25 24 27 31 55 41 35 33 58 57
69 0 1 2 3 4 6 7 5 8 9 12 16 13 14 11 18 20 25 10 28 17 15 24 26 43 32 19 30 22 29 69 68 34
70 0 1 2 3 4 6 5 7 8 11 9 14 19 10 12 13 17 15 20 16 21 25 18 23 56 28 39 31 26 42 52 24 41
71 0 1 2 3 5 4 7 6 8 9 15 13 20 11 16 12 10 17 14 22 18 26 21 36 40 29 24 19 34 27 31 48 41 38
72 0 1 2 4 3 6 5 7 8 10 11 12 9 17 13 15 14 21 16 34 24 20 19 25 23 26 18 22 30 46 55 72 38 28 54 41
73 0 1 2 3 4 5 9 6 7 10 8 11 12 17 13 15 16 24 14 23 18 20 22 21 32 28 38 33 31 36 19 57 27 39 46
74 0 1 2 3 4 5 6 8 9 10 7 14 12 11 13 15 16 21 24 22 19 23 28 18 17 29 25 20 32 27 31 26 54 37 39
75 0 1 2 3 4 5 6 7 8 10 12 14 9 15 13 11 16 20 17 21 18 23 26 24 22 28 27 25 36 19 37 33 31 32
76 0 1 2 3 4 5 6 7 10 8 9 12 13 14 11 16 34 22 17 15 18 19 24 20 39 23 32 30 26 28 47 27 25 21
77 0 1 2 4 3 6 7 5 12 11 9 20 14 18 17 10 15 21 33 26 31 76 16 13 60 8 19 25 22 58 59 28 75
78 0 1 2 3 4 5 6 7 8 10 9 12 13 11 17 14 18 23 21 29 15 19 16 20 24 32 33 25 40 26 34 45
79 0 1 2 3 4 5 6 7 8 13 10 9 11 12 15 14 18 17 25 20 16 28 19 23 21 27 24 34 37 32 22 51 26 35 36 30
80 0 1 2 3 4 5 7 6 8 10 13 11 9 12 17 14 15 20 19 16 25 34 21 28 18 31 24 32 23 50 39 26
81 0 1 2 4 3 6 7 5 8 9 10 11 12 13 15 14 17 16 21 22 19 20 25 18 32 27 23 28 33 31 26 34 24 29
82 0 1 2 3 4 6 5 7 9 8 12 14 13 16 10 11 17 15 21 20 22 25 19 27 32 24 30 28 26 36 33 41 29 54 23
83 0 1 2 3 4 5 7 6 11 9 8 12 10 15 13 21 19 14 17 20 18 25 16 39 24 28 31 36 26 23 38 35 34
84 0 1 2 3 4 5 6 7 8 9 12 10 15 11 14 13 16 20 18 22 21 17 24 19 26 28 31 32 27 33 29 34 23 25
85 0 1 2 3 4 5 6 9 7 8 10 13 19 14 20 15 17 18 25 31 33 23 11 12 28 26 24 16 42 35 29 21 22 30
86 0 1 2 3 4 5 7 6 9 8 10 13 14 11 15 12 16 17 18 20 21 19 25 23 26 28 34 38 24 22 30 29 27 41 45 32
87 0 1 2 3 4 5 6 7 9 8 12 13 11 15 10 25 14 16 18 20 21 17 19 24 22 26 27 31 23 38 41 30 39 36
88 0 1 2 3 4 5 7 6 8 9 12 17 15 11 21 10 25 14 13 19 16 23 27 22 24 47 30 35 38 33 54 18 26 42 20 28
89 0 1 2 3 4 5 7 6 8 11 10 9 13 12 17 16 15 23 19 14 22 18 24 39 35 36 21 27 34 28 48 38 25 71
90 0 1 2 3 5 4 6 7 8 9 11 14 12 17 10 15 19 13 23 16 21 20 25 27 28 22 18 35 24 30 33 32 34 26 38
91 0 1 3 2 5 4 6 7 8 17 13 15 9 12 11 14 33 16 22 35 34 30 41 20 25 38 27 55 18 19 60 28 10 48 70
92 0 1 2 3 4 6 7 5 8 9 11 12 15 17 10 13 16 14 22 18 20 27 21 25 19 45 24 26 57 38 34 31 41 23 42
93 0 1 2 3 4 5 7 6 8 11 12 9 17 15 10 13 18 20 16 21 19 23 24 14 27 33 25 26 39 49 30 35 50
94 0 1 2 3 6 5 4 10 8 7 11 9 12 13 23 14 15 16 21 22 18 20 43 37 26 45 29 28 31 19 32 33 34
95 0 1 2 3 4 5 6 7 8 10 11 9 12 14 13 16 15 19 20 18 28 26 25 22 17 24 21 29 54 23 37 31 38 34 50
96 0 1 2 3 4 5 6 8 7 10 9 11 17 13 15 12 20 14 16 19 18 21 23 29 22 38 28 34 24 26 25 37 30 33 131
97 0 1 2 4 3 6 5 7 8 9 10 12 11 13 17 15 16 14 20 21 34 18 24 19 22 45 28 27 23 26 33 25 46 32
98 0 1 2 3 4 6 5 7 9 11 8 15 12 10 13 16 17 14 20 18 25 26 28 29 40 19 34 27 32 55 41 23 24 22 38
99 0 1 2 3 5 4 7 6 8 9 15 12 10 14 11 19 18 13 25 16 17 20 24 39 22 21 23 38 36 29 27 30 32 26 28
